a <- c(171, 175, 159, 155, 152, 160)

# x2 <- c(57, 64, 41, 38, 35, 40)

# X <- data.frame(x1, x2)
# print(X)